%YAML:1.0
---
K: !!opencv-matrix
   rows: 3
   cols: 3
   dt: d
   data: [ 8.1749345214306527e+02, 0., 6.3864029364395117e+02, 0.,
       8.2238513530762623e+02, 4.4415991541532094e+02, 0., 0., 1. ]
D: !!opencv-matrix
   rows: 1
   cols: 5
   dt: d
   data: [ 5.2529838261707935e-02, -2.1148208767097049e-01,
       2.3771171028958860e-02, -2.7985163003348487e-04,
       1.7408430348370441e-01 ]
