%YAML:1.0
---
K: !!opencv-matrix
   rows: 3
   cols: 3
   dt: d
   data: [ 8.1749331893030819e+02, 0., 6.3863914310323491e+02, 0.,
       8.2238523258022576e+02, 4.4416083777171298e+02, 0., 0., 1. ]
D: !!opencv-matrix
   rows: 1
   cols: 5
   dt: d
   data: [ 5.2528519480412039e-02, -2.1147143012466779e-01,
       2.3771495001665467e-02, -2.8026873264689147e-04,
       1.7407070284243140e-01 ]
